#DATE- #TRANSACTIONS 0 
03-2012 14 4.06 29
04-2012 3234 743.82 23
05-2012 4433 1108.25 25
06-2012 4746 1186.5 25
07-2012 5554 1332.96 24
08-2012 7318 1756.32 24
09-2012 9739 2337.36 24
10-2012 11980 2875.2 24
11-2012 13605 3265.2 24
12-2012 16464 3951.36 24
01-2013 21263 5103.12 24
02-2013 25351 5577.22 22
03-2013 33224 7309.28 22
04-2013 40456 8495.76 21
05-2013 48432 10655.04 22
06-2013 50731 11668.13 23
07-2013 64658 14871.34 23
08-2013 88483 19466.26 22
09-2013 120184 25238.64 21
10-2013 147382 29476.4 20
11-2013 173469 32959.11 19
12-2013 191900 40299 21
01-2014 254428 48341.32 19
02-2014 300753 57143.07 19
03-2014 411395 78165.05 19
04-2014 464083 83534.94 18
05-2014 530602 95508.36 18
06-2014 524179 99594.01 19
07-2014 588669 111847.11 19
08-2014 731298 131633.64 18
09-2014 900317 153053.89 17
10-2014 1047625 167620 16
11-2014 1117631 167644.65 15
12-2014 1157914 196845.38 17
01-2015 1401553 224248.48 16
02-2015 1566669 235000.35 15
03-2015 1969957 295493.55 15
04-2015 2122984 318447.6 15
05-2015 2316282 370605.12 16
06-2015 2040945 306141.75 15
07-2015 2240102 336015.3 15
08-2015 2640226 369631.64 14
09-2015 3159538 410739.94 13
10-2015 3558420 427010.4 12
11-2015 3521713 422605.56 12
12-2015 3606659 468865.67 13
01-2016 4307576 516909.12 12
02-2016 4692197 516141.67 11
03-2016 5385527 646263.24 12
04-2016 5992512 659176.32 11
05-2016 5888903 706668.36 12
06-2016 5283785 686892.05 13
07-2016 5819515 698341.8 12
08-2016 6589687 790762.44 12
09-2016 7901285 869141.35 11
10-2016 8851113 973622.43 11
11-2016 8373311 921064.21 11
12-2016 8764606 1051752.72 12
01-2017 9531649 1048481.39 11
02-2017 10185344 1120387.84 11
03-2017 12159975 1337597.25 11
04-2017 12359008 1235900.8 10
05-2017 11917547 1310930.17 11
06-2017 10969156 1316298.72 12
07-2017 11760037 1411204.44 12
08-2017 13369200 1604304 12
09-2017 15341777 1687595.47 11
10-2017 16405614 1640561.4 10
11-2017 15253752 1525375.2 10
12-2017 15932296 1752552.56 11
01-2018 16425110 1806762.1 11
02-2018 15850493 1743554.23 11
03-2018 18840138 2072415.18 11
04-2018 15193068 1519306.8 10

06-2018 0 0 - 
07-2018 708142 70814.2 10
08-2018 2966972 296697.2 10
09-2018 0 0 - 
10-2018 3232576 307094.72 9.50

12-2018 0 0 -
01-2019 0 0 - 
02-2019 0 0 - 
03-2019 0 0  - 
04-2019 0 0  - 
05-2019 0 0 - 
06-2019 0 0  - 
07-2019 0 0  - 
08-2019 0 0  - 
09-2019 0 0  - 
10-2019 0 0  - 
11-2019 0 0  - 
12-2019 49792 5477.12 11
01-2020 4278346 427834.6 10
02-2020 4448479 444847.9 10
03-2020 3988755 438763.05 11
04-2020 3594310 395374.1 11
05-2020 4567351 548082.12 12
06-2020 4822970 530526.7 11
07-2020 4991001 549010.11 11
08-2020 5361324 589745.64 11
09-2020 5695493 626504.23 11
10-2020 1907641 209840.51 11
11-2020 13264 1724.32 13
12-2020 7611 989.43 13
