Date AC E I PH AD
March-2012 0, 0, 0, 0, 0
April-2012 0, 1, 1, 13, 16
May-2012 0, 18, 19, 49, 52
June-2012 0, 3, 3, 22, 85
July-2012 0, 2, 2, 27, 31
August-2012 0, 6, 6, 38, 41
September-2012 0, 4, 4, 35, 39
October-2012 0, 11, 13, 38, 47
November-2012 1, 4, 4, 39, 48
December-2012 0, 1, 3, 12, 21
January-2013 1, 2, 5, 23, 45
February-2013 0, 28, 32, 41, 64
March-2013 0, 14, 18, 29, 54
April-2013 0, 27, 34, 46, 76
May-2013 0, 6, 10, 20, 51
June-2013 0, 11, 19, 31, 51
July-2013 1, 12, 18, 177, 213
August-2013 1, 21, 28, 227, 252
September-2013 0, 18, 25, 116, 154
October-2013 0, 38, 54, 113, 163
November-2013 0, 13, 26, 60, 113
December-2013 0, 31, 49, 83, 138
January-2014 0, 72, 86, 129, 203
February-2014 2, 144, 165, 208, 1853
March-2014 2, 135, 148, 221, 2608
April-2014 5, 66, 89, 164, 1990
May-2014 0, 32, 50, 125, 2223
June-2014 0, 66, 120, 191, 3375
July-2014 4, 65, 98, 204, 4008
August-2014 5, 151, 186, 366, 4277
September-2014 7, 128, 160, 372, 3455
October-2014 6, 135, 190, 582, 3418
November-2014 3, 236, 281, 432, 3009
December-2014 8, 284, 357, 540, 5121
January-2015 4, 248, 314, 543, 3612
February-2015 3, 220, 271, 597, 2898
March-2015 22, 447, 513, 837, 3017
April-2015 10, 403, 488, 1116, 3476
May-2015 8, 285, 350, 735, 3962
June-2015 14, 247, 338, 656, 3683
July-2015 4, 304, 416, 751, 4069
August-2015 29, 430, 542, 1008, 4572
September-2015 32, 586, 734, 1364, 4752
October-2015 27, 598, 760, 1405, 4917
November-2015 15, 592, 757, 1313, 5229
December-2015 10, 580, 743, 1328, 4376
January-2016 28, 736, 929, 1669, 5787
February-2016 25, 604, 826, 1568, 5977
March-2016 26, 1488, 1775, 2715, 7274
April-2016 18, 1395, 1748, 2965, 7749
May-2016 23, 857, 1190, 2100, 7805
June-2016 21, 669, 1067, 1771, 7963
July-2016 15, 681, 1084, 2010, 8610
August-2016 35, 1308, 1704, 2857, 10465
September-2016 96, 1835, 2276, 3971, 11941
October-2016 43, 1439, 1995, 3590, 12470
November-2016 43, 1442, 1949, 3350, 13595
December-2016 55, 1534, 2139, 3456, 16075
January-2017 43, 1468, 2148, 3731, 14751
February-2017 44, 1905, 2549, 4314, 14316
March-2017 116, 3837, 4660, 7142, 19144
April-2017 45, 2334, 3209, 5636, 17286
May-2017 51, 1290, 2262, 4512, 17859
June-2017 46, 1097, 2047, 4340, 19872
July-2017 38, 1410, 2422, 4804, 17237
August-2017 69, 2197, 3398, 6737, 10379
September-2017 108, 3431, 4600, 8830, 12611
October-2017 67, 3450, 4879, 8864, 12967
November-2017 57, 2850, 4319, 7419, 11295
December-2017 58, 2457, 3906, 6833, 10740
January-2018 85, 2757, 4274, 7836, 12024
February-2018 54, 3044, 4486, 7970, 12054
March-2018 137, 5016, 6814, 11717, 17106
April-2018 64, 2538, 4100, 7349, 11391
