#Date S1ADU S2HEA S3DAG S5RET S6VCR S4POL S7REL S8LOC      
03-2012 0 0 2 2 3 3 3 4    14  
04-2012 44 67 230 301 315 331 651 759    3234  
05-2012 47 71 305 370 393 413 934 1085    4433  
06-2012 56 82 293 379 400 427 976 1168    4746  
07-2012 90 129 397 492 540 550 1123 1345    5554  
08-2012 98 137 460 571 631 655 1487 1734    7318  
09-2012 136 203 652 824 895 924 2006 2311    9739  
10-2012 145 208 748 953 1032 1071 2558 2933    11980  
11-2012 159 235 854 1073 1158 1241 2864 3257    13605  
12-2012 188 267 909 1184 1276 1345 3526 4099    16464  
01-2013 264 389 1326 1696 1814 1895 4427 5148    21263  
02-2013 352 501 1666 2111 2265 2364 4996 5806    25351  
03-2013 485 664 2240 2796 3037 3149 6399 7555    33224  
04-2013 607 833 2690 3317 3599 3757 7213 8686    40456  
05-2013 709 985 3303 4023 4339 4495 9286 10866    48432  
06-2013 767 1043 3461 4264 4636 4838 10292 11945    50731  
07-2013 915 1235 4196 5229 5699 5922 13011 15288    64658  
08-2013 1331 1840 5673 6855 7507 7749 17014 19753    88483  
09-2013 1744 2405 7698 9414 10223 10549 22210 25258    120184  
10-2013 2106 2991 9041 11147 12142 12543 26563 30139    147382  
11-2013 2317 3304 10576 13150 14359 14826 30014 34120    173469  
12-2013 2557 3594 10423 13346 14437 15021 35547 41423    191900  
01-2014 3424 5694 15631 19269 20741 21419 43039 50520    254428  
02-2014 4128 7923 20194 24398 26239 27176 49632 57243    300753  
03-2014 5720 11921 27965 33475 36129 37468 65971 78079    411395  
04-2014 6436 13292 31267 37044 39941 41562 71965 85448    464083  
05-2014 7004 10035 31809 38037 41198 42830 81596 96535    530602  
06-2014 6785 9380 29832 36075 39027 40846 85170 101556    524179  
07-2014 7692 10700 33788 40716 44378 45955 96172 114130    588669  
08-2014 9850 13594 41697 49934 54265 56036 114145 132340    731298  
09-2014 11539 16361 49839 60233 65468 67733 136107 156122    900317  
10-2014 12944 18781 56023 67998 73892 76524 151100 172398    1047625  
11-2014 13244 18853 58651 72359 78264 80944 154859 176670    1117631  
12-2014 13512 19239 55906 69955 76000 79035 176038 204386    1157914  
01-2015 17141 24267 74788 91326 99636 103028 197822 232120    1401553  
02-2015 19273 27401 83478 102122 110474 114676 211039 243449    1566669  
03-2015 24466 34143 104075 126533 137490 142936 259481 309580    1969957  
04-2015 26722 36976 113666 135494 146964 153162 272670 322853    2122984  
05-2015 36655 46759 129685 152485 164552 170461 309567 370818    2316282  
06-2015 22943 31413 93542 113560 123611 128933 263176 317835    2040945  
07-2015 24803 34306 102796 123810 135045 140453 280236 335589    2240102  
08-2015 29146 40159 117849 141355 154134 160364 312598 368477    2640226  
09-2015 32810 45913 133098 161204 176332 184005 348737 408902    3159538  
10-2015 35276 50248 146154 176516 192779 201327 369539 430550    3558420  
11-2015 32766 46750 139745 171086 186400 194177 360606 417882    3521713  
12-2015 33432 47659 135469 167259 183419 191710 405335 476076    3606659  
01-2016 41488 58217 174548 211435 229711 239588 438288 524342    4307576  
02-2016 45021 64167 188365 227761 249105 261700 463463 547053    4692197  
03-2016 53930 75460 215011 261561 285458 301252 532405 648048    5385527  
04-2016 58373 82274 246188 293961 318848 335930 578572 692468    5992512  
05-2016 54355 76865 240677 286998 310442 324517 614804 730813    5888903  
06-2016 48024 67199 207621 247910 269289 282341 583259 700929    5283785  
07-2016 54300 74744 230999 275058 299799 313489 606062 729204    5819515  
08-2016 62242 86286 247830 296497 326718 341751 669481 791535    6589687  
09-2016 70963 101259 291357 349489 381251 400905 756352 890102    7901285  
10-2016 77163 112543 324455 391015 426176 449105 827204 965534    8851113  
11-2016 74383 108906 305200 369724 401965 434157 813489 944615    8373311  
12-2016 74125 106192 302127 369216 403522 422263 912203 1065881    8764606  
01-2017 83796 120667 352185 426504 462055 485205 917866 1103932    9531649  
02-2017 90124 130459 383770 458651 497580 524434 950296 1118250    10185344  
03-2017 118740 166803 458793 550974 599136 630090 1129941 1368336    12159975  
04-2017 108322 155831 478592 566391 611870 643645 1123940 1332908    12359008  
05-2017 97270 140361 452773 535433 577285 603150 1186802 1400333    11917547  
06-2017 90404 128575 414323 487594 526224 548462 1141280 1354870    10969156  
07-2017 97384 138528 459546 539771 581603 604732 1187568 1412090    11760037  
08-2017 179400 229254 559151 647481 694780 719566 1370431 1590604    13369200  
09-2017 132373 192425 568624 668986 724123 752961 1451464 1686953    15341777  
10-2017 132478 196592 577936 685758 749841 782040 1506769 1747260    16405614  
11-2017 118625 176967 519416 626246 680208 708793 1434395 1650564    15253752  
12-2017 118176 174195 522841 632319 687078 718348 1629899 1861511    15932296  
01-2018 128959 191376 577045 691661 746798 779170 1563734 1836542    16425110  
02-2018 126924 190484 559314 691675 745435 783375 1492301 1730174    15850493  
03-2018 152812 225100 668514 804178 871832 919331 1745133 2067930    18840138  
04-2018 123941 184491 550707 649262 701967 743557 1396623 1637287    15193068  

06-2018 - - - - - - - - -       
07-2018 5673 7531 23663 27549 29372 31210 67454 79173     708142 
08-2018 24378 32677 93571 110056 117943 125857 263792 310616     2966972 
09-2018 - - - - - - - - -       
10-2018 30339 40801 105665 123601 132454 142149 271480 31783     3232576 

12-2018 - - - - - - - - -       
01-2019 - - - - - - - - -       
02-2019 - - - - - - - - -       
03-2019 - - - - - - - - -       
04-2019 - - - - - - - - -       
05-2019 - - - - - - - - -       
06-2019 - - - - - - - - -       
07-2019 - - - - - - - - -       
08-2019 - - - - - - - - -       
09-2019 - - - - - - - - -       
10-2019 - - - - - - - - -       
11-2019 - - - - - - - - -       
12-2019 1088 1240 2744 3041 3199 3277 4908 5907      
01-2020 68021 87924 175799 199485 213241 221490 407524 460811      4278346
02-2020 70064 91916 190343 214743 229473 240447 431768 483748      4448479
03-2020 57589 85993 179951 201043 214962 225507 410404 453469      3988755
04-2020 48556 70962 161169 179790 191874 201884 400641 425694      3594310
05-2020 63482 87042 202841 227648 243083 252439 510081 545707      4567351
06-2020 67911 89472 209015 238398 256150 266945 521117 567711      4822970
07-2020 71634 95031 223642 249900 266721 277925 518699 565155      4991001
08-2020 74668 99585 243327 271678 289013 299473 553863 600776      5361324
09-2020 80523 108954 254776 285394 305930 318654 597049 644747      5695493
10-2020 27597 37911 85870 95750 102497 107152 208790 224683      1907641
11-2020 117 182 497 610 647 670 1668 1773      13264
12-2020 55 88 223 254 281 306 968 1035      7611
