#Date AC E I PH AD 
 
03-2012 0 0 0 0 0 14
04-2012 0 1 1 13 16 3234
05-2012 0 18 19 49 52 4433
06-2012 0 3 3 22 85 4746
07-2012 0 2 2 27 31 5554
08-2012 0 6 6 38 41 7318
09-2012 0 4 4 35 39 9739
10-2012 0 11 13 38 47 11980
11-2012 1 4 4 39 48 13605
12-2012 0 1 3 12 21 16464
01-2013 1 2 5 23 45 21263
02-2013 0 28 32 41 64 25351
03-2013 0 14 18 29 54 33224
04-2013 0 27 34 46 76 40456
05-2013 0 6 10 20 51 48432
06-2013 0 11 19 31 51 50731
07-2013 1 12 18 177 213 64658
08-2013 1 21 28 227 252 88483
09-2013 0 18 25 116 154 120184
10-2013 0 38 54 113 163 147382
11-2013 0 13 26 60 113 173469
12-2013 0 31 49 83 138 191900
01-2014 0 72 86 129 203 254428
02-2014 2 144 165 208 1853 300753
03-2014 2 135 148 221 2608 411395
04-2014 5 66 89 164 1990 464083
05-2014 0 32 50 125 2223 530602
06-2014 0 66 120 191 3375 524179
07-2014 4 65 98 204 4008 588669
08-2014 5 151 186 366 4277 731298
09-2014 7 128 160 372 3455 900317
10-2014 6 135 190 582 3418 1047625
11-2014 3 236 281 432 3009 1117631
12-2014 8 284 357 540 5121 1157914
01-2015 4 248 314 543 3612 1401553
02-2015 3 220 271 597 2898 1566669
03-2015 22 447 513 837 3017 1969957
04-2015 10 403 488 1116 3476 2122984
05-2015 8 285 350 735 3962 2316282
06-2015 14 247 338 656 3683 2040945
07-2015 4 304 416 751 4069 2240102
08-2015 29 430 542 1008 4572 2640226
09-2015 32 586 734 1364 4752 3159538
10-2015 27 598 760 1405 4917 3558420
11-2015 15 592 757 1313 5229 3521713
12-2015 10 580 743 1328 4376 3606659
01-2016 28 736 929 1669 5787 4307576
02-2016 25 604 826 1568 5977 4692197
03-2016 26 1488 1775 2715 7274 5385527
04-2016 18 1395 1748 2965 7749 5992512
05-2016 23 857 1190 2100 7805 5888903
06-2016 21 669 1067 1771 7963 5283785
07-2016 15 681 1084 2010 8610 5819515
08-2016 35 1308 1704 2857 10465 6589687
09-2016 96 1835 2276 3971 11941 7901285
10-2016 43 1439 1995 3590 12470 8851113
11-2016 43 1442 1949 3350 13595 8373311
12-2016 55 1534 2139 3456 16075 8764606
01-2017 43 1468 2148 3731 14751 9531649
02-2017 44 1905 2549 4314 14316 10185344
03-2017 116 3837 4660 7142 19144 12159975
04-2017 45 2334 3209 5636 17286 12359008
05-2017 51 1290 2262 4512 17859 11917547
06-2017 46 1097 2047 4340 19872 10969156
07-2017 38 1410 2422 4804 17237 11760037
08-2017 69 2197 3398 6737 10379 13369200
09-2017 108 3431 4600 8830 12611 15341777
10-2017 67 3450 4879 8864 12967 16405614
11-2017 57 2850 4319 7419 11295 15253752
12-2017 58 2457 3906 6833 10740 15932296
01-2018 85 2757 4274 7836 12024 16425110
02-2018 54 3044 4486 7970 12054 15850493
03-2018 137 5016 6814 11717 17106 18840138
04-2018 64 2538 4100 7349 11391 15193068
05-2018 0 0 0 0 0   
06-2018 0 0 0 0 0  
07-2018 3 134 213 385 644 
08-2018 12 614 1008 1945 3079 
09-2018 0 0 0 0 0  
10-2018 8 638 1000 2089 2954 
11-2018 0 0 0 0 0 
12-2018 0 0 0 0 0 
01-2019 0 0 0 0 0 
02-2019 0 0 0 0 0 
03-2019 0 0 0 0 0 
04-2019 0 0 0 0 0 
05-2019 0 0 0 0 0 
06-2019 0 0 0 0 0 
07-2019 0 0 0 0 0 
08-2019 0 0 0 0 0 
09-2019 0 0 0 0 0 
10-2019 0 0 0 0 0 
11-2019 0 0 0 0 0 
12-2019 0 6 8 28 40 
01-2020 17 634 1217 2338 3863 
02-2020 19 740 1299 2421 3878 
03-2020 22 830 1496 2777 4683 
04-2020 66 1445 2232 3838 6704 
05-2020 48 1320 2355 4093 7154 
06-2020 32 1176 2259 3782 6490 
07-2020 28 984 2129 3716 6590 
08-2020 29 1000 2186 4023 6823 
09-2020 41 1583 2840 5654 8860 
10-2020 12 470 969 1761 2864 
11-2020 0 4 7 18 25 
12-2020 0 2 5 10 18 
