Month Cryptic Total Percentage HUNDRED
03-2012 2 21 9 100
04-2012 328 4040 8 100
05-2012 405 5455 7 100
06-2012 448 5960 7 100
07-2012 545 6810 8 100
08-2012 745 9166 8 100
09-2012 1038 11576 8 100
10-2012 1357 14463 9 100
11-2012 1576 16480 9 100
12-2012 1881 20558 9 100
01-2013 2429 25236 9 100
02-2013 3031 28957 10 100
03-2013 3895 36981 10 100
04-2013 4747 43157 10 100
05-2013 5819 52740 11 100
06-2013 6090 57273 10 100
07-2013 7617 70977 10 100
08-2013 10696 98781 10 100
09-2013 15474 128686 12 100
10-2013 20205 153569 13 100
11-2013 24736 180100 13 100
12-2013 27830 213250 13 100
01-2014 36613 262127 13 100
02-2014 44974 301890 14 100
03-2014 60259 391127 15 100
04-2014 70867 445361 15 100
05-2014 83678 513232 16 100
06-2014 84701 539049 15 100
07-2014 96829 604948 16 100
08-2014 120881 744431 16 100
09-2014 150422 873194 17 100
10-2014 179171 977152 18 100
11-2014 199442 1063300 18 100
12-2014 211880 1181281 17 100
01-2015 252526 1331085 18 100
02-2015 287023 1446104 19 100
03-2015 348112 1720467 20 100
04-2015 380898 1848302 20 100
05-2015 436237 2037367 21 100
06-2015 437191 1981393 22 100
07-2015 493178 2138090 23 100
08-2015 580913 2463762 23 100
09-2015 681649 2773903 24 100
10-2015 780252 2997131 26 100
11-2015 813983 3083396 26 100
12-2015 861203 3366092 25 100
01-2016 981862 3695871 26 100
02-2016 1063582 3907596 27 100
03-2016 1191125 4363699 27 100
04-2016 1306641 4738276 27 100
05-2016 1337497 4948672 27 100
06-2016 1283831 4865229 26 100
07-2016 1426712 5206238 27 100
08-2016 1599778 5825671 27 100
09-2016 1829073 6487683 28 100
10-2016 2011945 6980023 28 100
11-2016 1988723 7017433 28 100
12-2016 2133199 7697207 27 100
01-2017 2243329 7929550 28 100
02-2017 2358077 8220958 28 100
03-2017 2685630 9298730 28 100
04-2017 2801673 9541434 29 100
05-2017 2818676 9848295 28 100
06-2017 2723534 9753215 27 100
07-2017 2888695 10220803 28 100
08-2017 3233171 11409788 28 100
09-2017 3555869 12232041 29 100
10-2017 3753703 12777782 29 100
11-2017 3682369 12740694 28 100
12-2017 3921737 13873072 28 100
01-2018 3953455 13805117 28 100
02-2018 3860840 13330526 28 100
03-2018 4382785 14895690 29 100
04-2018 3839755 13413031 28 100

06-2018 0 0 - 0
07-2018 300051 912405 32 100
08-2018 1131999 3246826 34 100
09-2018 0 0 - 0
10-2018 1208061 3452424 34 100

12-2018 0 0 - 0
01-2019 0 0
02-2019 0 0
03-2019 0 0
04-2019 0 0
05-2019 0 0
06-2019 0 0
07-2019 0 0
08-2019 0 0
09-2019 0 0
10-2019 0 0
11-2019 0 0
12-2019 21452 80468 26 100
01-2020 1155007 3782843 30 100
02-2020 1159701 3872398 29 100
03-2020 1041693 3637387 28 100
04-2020 868600 3192838 27 100
05-2020 1083469 3955739 27 100
06-2020 1146398 4168092 27 100
07-2020 1165103 4246782 27 100
08-2020 1215862 4509853 26 100
09-2020 1250418 4746083 26 100
10-2020 507099 2098316 24 100
11-2020 4521 18495 24 100
12-2020 2432 10297 23 100
