#Category TotalU U TotalT T 
1-5 2238182 9644279 23 2789422 20695567 13
6-10 1264180 2460251 51 2282457 18981135 12
11-20 1549767 2296502 67 3778436 34088545 11
21-50 2082247 2454518 84 8350600 79458346 10
51-100 1133604 1180597 96 8959382 83068590 10
101-500 675690 690446 97 13606324 113012119 12
>500 4766 4853 98 433583 3278801 13
- - - - - - -
1-5	4496494	547913	12 601362 6620367 9
6-10	50548	22097	44 37849 348942 11
11-20	3647	2085	57 5368 47117 11
21-50	248	153	62 747 6512 11
- - - - - - -
1-5 1409384 7710260 18 1674937 14159519 11
6-10 451450 934841 48 837525 7089986 11
11-20 376196 578698 65 946525 8366945 11
21-50 263250 322050 81 1063485 9711925 10
51-100 48073 51728 92 372458 3393974 10
101-500 5917 6780 87 94326 938664 10

