Date ADULT_CONTENT HEALTH DRUGS_ALCOHOL_GAMBLING RACE VIOLENCE_CRIME POLITICS RELATION LOCATION
March-12 0 0 2 2 3 3 3
April-12 42 64 196 257 270 285 540
May-12 43 65 263 323 344 360 758
June-12 50 74 260 335 354 374 810
July-12 80 117 350 438 482 491 958
August-12 90 126 404 503 556 579 1263
September-12 126 186 569 725 791 817 1660
October-12 131 190 631 817 891 926 2050
November-12 144 214 729 920 999 1072 2345
December-12 174 249 800 1051 1140 1199 2911
January-13 240 354 1122 1431 1542 1619 3562
February-13 320 461 1414 1794 1937 2027 4056
March-13 437 604 1889 2382 2597 2695 5199
April-13 523 733 2235 2777 3034 3178 5860
May-13 622 880 2762 3406 3682 3822 7484
June-13 700 957 2926 3628 3956 4137 8343
July-13 837 1131 3499 4402 4826 5024 10257
August-13 1213 1664 4784 5844 6418 6643 13609
September-13 1580 2193 6444 7963 8702 9004 17800
October-13 1938 2753 7722 9596 10499 10877 21312
November-13 2142 3045 8999 11283 12393 12831 24308
December-13 2366 3335 9132 11767 12783 13332 28616
January-14 3135 4886 13125 16409 17782 18411 34835
February-14 3761 6300 16369 20115 21801 22669 40105
March-14 5141 9024 22113 27011 29454 30667 52300
April-14 5801 10088 24744 29949 32616 34086 57689
May-14 6388 9170 26843 32459 35354 36841 66910
June-14 6249 8668 25579 31189 33929 35599 69219
July-14 7032 9824 28819 35095 38462 39922 77807
August-14 9036 12561 35717 43136 47144 48797 93064
September-14 10526 15011 42489 51857 56660 58745 110305
October-14 11794 17178 47686 58422 63830 66282 122449
November-14 12114 17332 50337 62624 68121 70618 127730
December-14 12502 17895 49312 62031 67727 70542 144156
January-15 15698 22416 64145 79041 86650 89842 162041
February-15 17567 25145 71119 87815 95539 99395 174063
March-15 22147 31207 87775 107778 117770 122783 211140
April-15 23850 33424 95106 114550 125041 130706 223058
May-15 32007 41533 108447 128967 140128 145513 252893
June-15 21186 29169 81651 99692 109049 114004 218062
July-15 22910 31871 89272 108350 118795 123823 231077
August-15 26745 37114 102253 123664 135561 141364 258741
September-15 30010 42226 114688 139931 153782 160884 288177
October-15 32141 45995 125536 152726 167796 175651 306149
November-15 30136 43153 121299 149385 163635 170841 301299
December-15 30990 44341 119615 148505 163685 171412 338012
January-16 38037 53725 149690 182979 200088 209191 363243
February-16 40898 58609 160639 195921 215542 227013 384506
March-16 48757 68759 182653 224084 245867 260165 437853
April-16 52333 74486 206508 248881 271774 287083 476613
May-16 49614 70643 203284 244900 266558 279345 503729
June-16 44263 62258 179682 216208 236181 248180 479062
July-16 49997 69156 198116 238154 261110 273815 499423
August-16 56999 79565 214147 258253 286389 300331 550502
September-16 64588 92753 249214 301369 330556 348474 621116
October-16 69642 101909 275474 334867 367167 388108 677744
November-16 67532 99347 262147 319754 349449 378766 672043
December-16 68490 98565 263947 324762 356967 374295 752180
January-17 76492 110724 299414 365974 398999 420106 749615
February-17 81450 118473 323556 390487 425966 449999 779110
March-17 106772 150780 384374 466292 510161 537915 917611
April-17 97350 140835 399093 476845 518400 546910 917381
May-17 88685 128846 380777 454921 493693 517158 961411
June-17 83318 119060 354979 421343 457505 477990 927559
July-17 89688 128220 389839 462528 501701 523113 963259
August-17 154424 200652 472478 552408 596604 619596 1106874
September-17 119849 174857 479138 569021 619904 646300 1171720
October-17 119323 177495 487437 583395 641976 671296 1214896
November-17 108340 161556 445389 541065 591102 617074 1170260
December-17 109493 161911 454560 553844 605465 634324 1330867
January-18 118196 176171 490298 592894 644295 673813 1261891
February-18 115368 173230 474097 591639 641060 674963 1217294
March-18 138112 203988 560119 681118 742611 785146 1404286
April-18 112574 167644 468105 556762 605122 642419 1156654
