Date ADULT_CONTENT HEALTH DRUGS_ALCOHOL_GAMBLING RACE VIOLENCE_CRIME POLITICS RELATION LOCATION
December-19 1061 1211 2652 2944 3100 3176 4757
January-20 59928 78057 152652 174481 187390 194997 346453
February-20 61672 81539 164701 187126 200760 210827 368027
March-20 51312 77293 155711 175165 188130 197804 349324
April-20 42758 62982 130496 147267 158475 167598 330828
May-20 55682 77014 167578 190084 204174 212688 424361
June-20 59929 79604 176554 202453 218471 228140 436380
July-20 63134 84341 188246 212153 227659 237832 431999
August-20 65914 88612 204528 230485 246557 256108 462270
September-20 71036 96807 216277 244320 263201 274798 501485
October-20 25584 35203 77546 86885 93313 97690 187723
November-20 117 182 496 609 646 669 1664
December-20 55 88 223 254 281 305 965
